0.0
0.09044851362705231
0.1525898575782776
0.08656660467386246
0.08330804109573364
0.17591887712478638
0.1955687403678894
0.1663869321346283
0.20741023123264313
0.10695090889930725
0.1955687403678894
0.1663869321346283
0.20741020143032074
0.10695091634988785
0.19678470492362976
0.135447695851326
0.10385762155056
0.1951410472393036
0.22369971871376038
0.14296436309814453
0.10385762155056
0.1951410472393036
0.22369973361492157
0.14296436309814453
0.11435563117265701
0.1225045919418335
0.055157795548439026
0.07148551940917969
0.0759430006146431
0.09476413577795029
0.0287716593593359
0.11548781394958496
0.15003003180027008
0.15003003180027008
